// MilkShape 3D ASCII

Frames: 30
Frame: 1

Meshes: 1
"default" 1 0
130
1 -1.000000 0.000000 -1.000000 1.000000 0.500000 -1
1 1.000000 -0.000000 -1.000000 1.000000 0.000000 -1
1 1.000000 -0.195090 -0.980785 0.968750 0.000000 -1
1 -1.000000 -0.195090 -0.980785 0.968750 0.500000 -1
1 1.000000 -0.382683 -0.923880 0.937500 0.000000 -1
1 -1.000000 -0.382683 -0.923880 0.937500 0.500000 -1
1 1.000000 -0.555570 -0.831470 0.906250 0.000000 -1
1 -1.000000 -0.555570 -0.831470 0.906250 0.500000 -1
1 1.000000 -0.707107 -0.707107 0.875000 0.000000 -1
1 -1.000000 -0.707107 -0.707107 0.875000 0.500000 -1
1 1.000000 -0.831470 -0.555570 0.843750 0.000000 -1
1 -1.000000 -0.831470 -0.555570 0.843750 0.500000 -1
1 1.000000 -0.923880 -0.382683 0.812500 0.000000 -1
1 -1.000000 -0.923879 -0.382683 0.812500 0.500000 -1
1 1.000000 -0.980785 -0.195090 0.781250 0.000000 -1
1 -1.000000 -0.980785 -0.195090 0.781250 0.500000 -1
1 1.000000 -1.000000 0.000000 0.750000 0.000000 -1
1 -1.000000 -1.000000 0.000000 0.750000 0.500000 -1
1 1.000000 -0.980785 0.195090 0.718750 0.000000 -1
1 -1.000000 -0.980785 0.195090 0.718750 0.500000 -1
1 1.000000 -0.923880 0.382683 0.687500 0.000000 -1
1 -1.000000 -0.923879 0.382683 0.687500 0.500000 -1
1 1.000000 -0.831470 0.555570 0.656250 0.000000 -1
1 -1.000000 -0.831470 0.555570 0.656250 0.500000 -1
1 1.000000 -0.707107 0.707107 0.625000 0.000000 -1
1 -1.000000 -0.707107 0.707107 0.625000 0.500000 -1
1 1.000000 -0.555570 0.831470 0.593750 0.000000 -1
1 -1.000000 -0.555570 0.831470 0.593750 0.500000 -1
1 1.000000 -0.382683 0.923880 0.562500 0.000000 -1
1 -1.000000 -0.382683 0.923880 0.562500 0.500000 -1
1 1.000000 -0.195090 0.980785 0.531250 0.000000 -1
1 -1.000000 -0.195090 0.980785 0.531250 0.500000 -1
1 1.000000 -0.000000 1.000000 0.500000 0.000000 -1
1 -1.000000 0.000000 1.000000 0.500000 0.500000 -1
1 1.000000 0.195090 0.980785 0.468750 0.000000 -1
1 -1.000000 0.195090 0.980785 0.468750 0.500000 -1
1 1.000000 0.382683 0.923880 0.437500 0.000000 -1
1 -1.000000 0.382683 0.923880 0.437500 0.500000 -1
1 1.000000 0.555570 0.831470 0.406250 0.000000 -1
1 -1.000000 0.555570 0.831470 0.406250 0.500000 -1
1 1.000000 0.707107 0.707107 0.375000 0.000000 -1
1 -1.000000 0.707107 0.707107 0.375000 0.500000 -1
1 1.000000 0.831470 0.555570 0.343750 0.000000 -1
1 -1.000000 0.831470 0.555570 0.343750 0.500000 -1
1 1.000000 0.923879 0.382683 0.312500 0.000000 -1
1 -1.000000 0.923880 0.382683 0.312500 0.500000 -1
1 1.000000 0.980785 0.195090 0.281250 0.000000 -1
1 -1.000000 0.980785 0.195090 0.281250 0.500000 -1
1 1.000000 1.000000 0.000000 0.250000 0.000000 -1
1 -1.000000 1.000000 0.000000 0.250000 0.500000 -1
1 1.000000 0.980785 -0.195090 0.218750 0.000000 -1
1 -1.000000 0.980785 -0.195090 0.218750 0.500000 -1
1 1.000000 0.923879 -0.382683 0.187500 0.000000 -1
1 -1.000000 0.923880 -0.382683 0.187500 0.500000 -1
1 1.000000 0.831470 -0.555570 0.156250 0.000000 -1
1 -1.000000 0.831470 -0.555570 0.156250 0.500000 -1
1 1.000000 0.707107 -0.707107 0.125000 0.000000 -1
1 -1.000000 0.707107 -0.707107 0.125000 0.500000 -1
1 1.000000 0.555570 -0.831470 0.093750 0.000000 -1
1 -1.000000 0.555570 -0.831470 0.093750 0.500000 -1
1 1.000000 0.382683 -0.923880 0.062500 0.000000 -1
1 -1.000000 0.382683 -0.923880 0.062500 0.500000 -1
1 1.000000 -0.195090 -0.980785 0.296822 0.514612 -1
1 1.000000 -0.000000 -1.000000 0.250000 0.510000 -1
1 1.000000 0.195090 -0.980785 0.203178 0.514612 -1
1 1.000000 0.382683 -0.923880 0.158156 0.528269 -1
1 1.000000 0.555570 -0.831470 0.116663 0.550447 -1
1 1.000000 0.707107 -0.707107 0.080294 0.580294 -1
1 1.000000 0.831470 -0.555570 0.050447 0.616663 -1
1 1.000000 0.923879 -0.382683 0.028269 0.658156 -1
1 1.000000 0.980785 -0.195090 0.014612 0.703178 -1
1 1.000000 1.000000 0.000000 0.010000 0.750000 -1
1 1.000000 0.980785 0.195090 0.014612 0.796822 -1
1 1.000000 0.923879 0.382683 0.028269 0.841844 -1
1 1.000000 0.831470 0.555570 0.050447 0.883337 -1
1 1.000000 0.707107 0.707107 0.080294 0.919706 -1
1 1.000000 0.555570 0.831470 0.116663 0.949553 -1
1 1.000000 0.382683 0.923880 0.158156 0.971731 -1
1 1.000000 0.195090 0.980785 0.203178 0.985388 -1
1 1.000000 -0.000000 1.000000 0.250000 0.990000 -1
1 1.000000 -0.195090 0.980785 0.296822 0.985388 -1
1 1.000000 -0.382683 0.923880 0.341844 0.971731 -1
1 1.000000 -0.555570 0.831470 0.383337 0.949553 -1
1 1.000000 -0.707107 0.707107 0.419706 0.919706 -1
1 1.000000 -0.831470 0.555570 0.449553 0.883337 -1
1 1.000000 -0.923880 0.382683 0.471731 0.841844 -1
1 1.000000 -0.980785 0.195090 0.485388 0.796822 -1
1 1.000000 -1.000000 0.000000 0.490000 0.750000 -1
1 1.000000 -0.980785 -0.195090 0.485388 0.703178 -1
1 1.000000 -0.923880 -0.382683 0.471731 0.658156 -1
1 1.000000 -0.831470 -0.555570 0.449553 0.616663 -1
1 1.000000 -0.707107 -0.707107 0.419706 0.580294 -1
1 1.000000 -0.555570 -0.831470 0.383337 0.550447 -1
1 1.000000 -0.382683 -0.923880 0.341844 0.528269 -1
1 1.000000 0.195090 -0.980785 0.031250 0.000000 -1
1 -1.000000 0.195090 -0.980785 0.031250 0.500000 -1
1 1.000000 -0.000000 -1.000000 0.000000 0.000000 -1
1 -1.000000 0.000000 -1.000000 0.000000 0.500000 -1
1 -1.000000 0.000000 -1.000000 0.750000 0.510000 -1
1 -1.000000 -0.195090 -0.980785 0.796822 0.514612 -1
1 -1.000000 -0.382683 -0.923880 0.841844 0.528269 -1
1 -1.000000 -0.555570 -0.831470 0.883337 0.550447 -1
1 -1.000000 -0.707107 -0.707107 0.919706 0.580294 -1
1 -1.000000 -0.831470 -0.555570 0.949553 0.616663 -1
1 -1.000000 -0.923879 -0.382683 0.971731 0.658156 -1
1 -1.000000 -0.980785 -0.195090 0.985388 0.703178 -1
1 -1.000000 -1.000000 0.000000 0.990000 0.750000 -1
1 -1.000000 -0.980785 0.195090 0.985388 0.796822 -1
1 -1.000000 -0.923879 0.382683 0.971731 0.841844 -1
1 -1.000000 -0.831470 0.555570 0.949553 0.883337 -1
1 -1.000000 -0.707107 0.707107 0.919706 0.919706 -1
1 -1.000000 -0.555570 0.831470 0.883337 0.949553 -1
1 -1.000000 -0.382683 0.923880 0.841844 0.971731 -1
1 -1.000000 -0.195090 0.980785 0.796822 0.985388 -1
1 -1.000000 0.000000 1.000000 0.750000 0.990000 -1
1 -1.000000 0.195090 0.980785 0.703178 0.985388 -1
1 -1.000000 0.382683 0.923880 0.658156 0.971731 -1
1 -1.000000 0.555570 0.831470 0.616663 0.949553 -1
1 -1.000000 0.707107 0.707107 0.580294 0.919706 -1
1 -1.000000 0.831470 0.555570 0.550447 0.883337 -1
1 -1.000000 0.923880 0.382683 0.528269 0.841844 -1
1 -1.000000 0.980785 0.195090 0.514612 0.796822 -1
1 -1.000000 1.000000 0.000000 0.510000 0.750000 -1
1 -1.000000 0.980785 -0.195090 0.514612 0.703178 -1
1 -1.000000 0.923880 -0.382683 0.528269 0.658156 -1
1 -1.000000 0.831470 -0.555570 0.550447 0.616663 -1
1 -1.000000 0.707107 -0.707107 0.580294 0.580294 -1
1 -1.000000 0.555570 -0.831470 0.616663 0.550447 -1
1 -1.000000 0.382683 -0.923880 0.658156 0.528269 -1
1 -1.000000 0.195090 -0.980785 0.703178 0.514612 -1
34
-0.000000 -0.098000 -0.995200
-0.000000 -0.290300 -0.956900
-0.000000 -0.471400 -0.881900
-0.000000 -0.634400 -0.773000
-0.000000 -0.773000 -0.634400
-0.000000 -0.881900 -0.471400
-0.000000 -0.956900 -0.290300
-0.000000 -0.995200 -0.098000
-0.000000 -0.995200 0.098000
-0.000000 -0.956900 0.290300
-0.000000 -0.881900 0.471400
-0.000000 -0.773000 0.634400
-0.000000 -0.634400 0.773000
-0.000000 -0.471400 0.881900
-0.000000 -0.290300 0.956900
-0.000000 -0.098000 0.995200
-0.000000 0.098000 0.995200
-0.000000 0.290300 0.956900
-0.000000 0.471400 0.881900
-0.000000 0.634400 0.773000
-0.000000 0.773000 0.634400
-0.000000 0.881900 0.471400
-0.000000 0.956900 0.290300
-0.000000 0.995200 0.098000
-0.000000 0.995200 -0.098000
-0.000000 0.956900 -0.290300
-0.000000 0.881900 -0.471400
-0.000000 0.773000 -0.634400
-0.000000 0.634400 -0.773000
-0.000000 0.471400 -0.881900
1.000000 -0.000000 -0.000000
-0.000000 0.290300 -0.956900
-0.000000 0.098000 -0.995200
-1.000000 -0.000000 -0.000000
124
1 0 1 2 0 0 0 1
1 0 2 3 0 0 0 1
1 3 2 4 1 1 1 1
1 3 4 5 1 1 1 1
1 5 4 6 2 2 2 1
1 5 6 7 2 2 2 1
1 7 6 8 3 3 3 1
1 7 8 9 3 3 3 1
1 9 8 10 4 4 4 1
1 9 10 11 4 4 4 1
1 11 10 12 5 5 5 1
1 11 12 13 5 5 5 1
1 13 12 14 6 6 6 1
1 13 14 15 6 6 6 1
1 15 14 16 7 7 7 1
1 15 16 17 7 7 7 1
1 17 16 18 8 8 8 1
1 17 18 19 8 8 8 1
1 19 18 20 9 9 9 1
1 19 20 21 9 9 9 1
1 21 20 22 10 10 10 1
1 21 22 23 10 10 10 1
1 23 22 24 11 11 11 1
1 23 24 25 11 11 11 1
1 25 24 26 12 12 12 1
1 25 26 27 12 12 12 1
1 27 26 28 13 13 13 1
1 27 28 29 13 13 13 1
1 29 28 30 14 14 14 1
1 29 30 31 14 14 14 1
1 31 30 32 15 15 15 1
1 31 32 33 15 15 15 1
1 33 32 34 16 16 16 1
1 33 34 35 16 16 16 1
1 35 34 36 17 17 17 1
1 35 36 37 17 17 17 1
1 37 36 38 18 18 18 1
1 37 38 39 18 18 18 1
1 39 38 40 19 19 19 1
1 39 40 41 19 19 19 1
1 41 40 42 20 20 20 1
1 41 42 43 20 20 20 1
1 43 42 44 21 21 21 1
1 43 44 45 21 21 21 1
1 45 44 46 22 22 22 1
1 45 46 47 22 22 22 1
1 47 46 48 23 23 23 1
1 47 48 49 23 23 23 1
1 49 48 50 24 24 24 1
1 49 50 51 24 24 24 1
1 51 50 52 25 25 25 1
1 51 52 53 25 25 25 1
1 53 52 54 26 26 26 1
1 53 54 55 26 26 26 1
1 55 54 56 27 27 27 1
1 55 56 57 27 27 27 1
1 57 56 58 28 28 28 1
1 57 58 59 28 28 28 1
1 59 58 60 29 29 29 1
1 59 60 61 29 29 29 1
1 62 63 64 30 30 30 1
1 62 64 65 30 30 30 1
1 62 65 66 30 30 30 1
1 62 66 67 30 30 30 1
1 62 67 68 30 30 30 1
1 62 68 69 30 30 30 1
1 62 69 70 30 30 30 1
1 62 70 71 30 30 30 1
1 62 71 72 30 30 30 1
1 62 72 73 30 30 30 1
1 62 73 74 30 30 30 1
1 62 74 75 30 30 30 1
1 62 75 76 30 30 30 1
1 62 76 77 30 30 30 1
1 62 77 78 30 30 30 1
1 62 78 79 30 30 30 1
1 62 79 80 30 30 30 1
1 62 80 81 30 30 30 1
1 62 81 82 30 30 30 1
1 62 82 83 30 30 30 1
1 62 83 84 30 30 30 1
1 62 84 85 30 30 30 1
1 62 85 86 30 30 30 1
1 62 86 87 30 30 30 1
1 62 87 88 30 30 30 1
1 62 88 89 30 30 30 1
1 62 89 90 30 30 30 1
1 62 90 91 30 30 30 1
1 62 91 92 30 30 30 1
1 62 92 93 30 30 30 1
1 61 60 94 31 31 31 1
1 61 94 95 31 31 31 1
1 95 94 96 32 32 32 1
1 95 96 97 32 32 32 1
1 98 99 100 33 33 33 1
1 98 100 101 33 33 33 1
1 98 101 102 33 33 33 1
1 98 102 103 33 33 33 1
1 98 103 104 33 33 33 1
1 98 104 105 33 33 33 1
1 98 105 106 33 33 33 1
1 98 106 107 33 33 33 1
1 98 107 108 33 33 33 1
1 98 108 109 33 33 33 1
1 98 109 110 33 33 33 1
1 98 110 111 33 33 33 1
1 98 111 112 33 33 33 1
1 98 112 113 33 33 33 1
1 98 113 114 33 33 33 1
1 98 114 115 33 33 33 1
1 98 115 116 33 33 33 1
1 98 116 117 33 33 33 1
1 98 117 118 33 33 33 1
1 98 118 119 33 33 33 1
1 98 119 120 33 33 33 1
1 98 120 121 33 33 33 1
1 98 121 122 33 33 33 1
1 98 122 123 33 33 33 1
1 98 123 124 33 33 33 1
1 98 124 125 33 33 33 1
1 98 125 126 33 33 33 1
1 98 126 127 33 33 33 1
1 98 127 128 33 33 33 1
1 98 128 129 33 33 33 1