// MilkShape 3D ASCII

Frames: 30
Frame: 1

Meshes: 2
"default" 0 0
48
0 1.500000 21.000000 -0.000004 0.000000 0.059122 -1
0 1.500000 28.000000 -0.000004 0.000000 0.000000 -1
0 -1.500000 28.000000 -0.000004 0.000000 0.000000 -1
0 -1.500000 21.000000 -0.000004 0.000000 0.059122 -1
0 -8.000000 21.500000 -0.000004 0.000000 0.054899 -1
0 -4.000000 18.500000 -0.000002 0.000000 0.080236 -1
0 -1.500000 4.000000 -0.000000 0.000000 0.202703 -1
0 0.000000 5.000000 -0.000000 0.000000 0.194257 -1
0 -4.000000 9.000000 -0.000002 0.000000 0.160473 -1
0 -4.000000 6.500000 -0.000000 0.000000 0.181588 -1
0 1.500000 4.000000 -0.000000 0.000000 0.202703 -1
0 4.000000 6.500000 -0.000000 0.000000 0.181588 -1
0 4.000000 9.000000 -0.000002 0.000000 0.160473 -1
0 4.000000 18.500000 -0.000002 0.000000 0.080236 -1
0 8.000000 21.500000 -0.000004 0.000000 0.054899 -1
0 4.000000 -5.000000 0.000000 0.000000 0.278716 -1
0 19.500000 5.000000 -0.000000 0.000000 0.194257 -1
0 18.500000 10.000000 -0.000002 0.000000 0.152027 -1
0 10.000000 0.000000 0.000000 0.000000 0.236486 -1
0 8.500000 -6.000000 0.000000 0.000000 0.287162 -1
0 5.500000 -6.000000 0.000000 0.000000 0.287162 -1
0 0.000000 -9.000000 0.000002 0.000000 0.312500 -1
0 1.500000 -10.000000 0.000002 0.000000 0.320946 -1
0 -1.500000 -10.000000 0.000002 0.000000 0.320946 -1
0 -4.000000 -5.000000 0.000000 0.000000 0.278716 -1
0 -5.500000 -6.000000 0.000000 0.000000 0.287162 -1
0 -10.000000 0.000000 0.000000 0.000000 0.236486 -1
0 -8.500000 -6.000000 0.000000 0.000000 0.287162 -1
0 -18.500000 10.000000 -0.000002 0.000000 0.152027 -1
0 -19.500000 5.000000 -0.000000 0.000000 0.194257 -1
0 -23.500000 10.000000 -0.000002 0.000000 0.152027 -1
0 -22.000000 5.000000 -0.000000 0.000000 0.194257 -1
0 -28.000000 5.500000 -0.000000 0.000000 0.190034 -1
0 -23.000000 4.000000 -0.000000 0.000000 0.202703 -1
0 -23.000000 1.500000 -0.000000 0.000000 0.223818 -1
0 -28.000000 0.500000 -0.000000 0.000000 0.232264 -1
0 0.000000 -27.500000 0.000004 0.000000 0.468750 -1
0 0.000000 -21.500000 0.000004 0.000000 0.418074 -1
0 28.000000 0.500000 -0.000000 0.000000 0.232264 -1
0 23.000000 1.500000 -0.000000 0.000000 0.223818 -1
0 28.000000 5.500000 -0.000000 0.000000 0.190034 -1
0 23.000000 4.000000 -0.000000 0.000000 0.202703 -1
0 23.500000 10.000000 -0.000002 0.000000 0.152027 -1
0 22.000000 5.000000 -0.000000 0.000000 0.194257 -1
0 8.000000 0.000000 0.000000 0.000000 0.236486 -1
0 -8.000000 0.000000 0.000000 0.000000 0.236486 -1
0 -10.000000 1.500000 -0.000000 0.000000 0.223818 -1
0 10.000000 1.500000 -0.000000 0.000000 0.223818 -1
1
-0.000000 -0.000000 1.000000
48
0 0 1 2 0 0 0 1
0 2 3 0 0 0 0 1
0 3 2 4 0 0 0 1
0 3 4 5 0 0 0 1
0 6 7 8 0 0 0 1
0 8 9 6 0 0 0 1
0 6 10 7 0 0 0 1
0 11 12 7 0 0 0 1
0 10 11 7 0 0 0 1
0 13 14 1 0 0 0 1
0 13 1 0 0 0 0 1
0 14 13 15 0 0 0 1
0 16 17 18 0 0 0 1
0 19 16 18 0 0 0 1
0 20 19 18 0 0 0 1
0 15 20 18 0 0 0 1
0 21 22 20 0 0 0 1
0 15 21 20 0 0 0 1
0 23 22 21 0 0 0 1
0 24 25 23 0 0 0 1
0 24 23 21 0 0 0 1
0 26 25 24 0 0 0 1
0 26 27 25 0 0 0 1
0 28 29 27 0 0 0 1
0 27 26 28 0 0 0 1
0 28 30 29 0 0 0 1
0 30 31 29 0 0 0 1
0 32 33 31 0 0 0 1
0 31 30 32 0 0 0 1
0 32 34 33 0 0 0 1
0 32 35 34 0 0 0 1
0 36 37 34 0 0 0 1
0 34 35 36 0 0 0 1
0 36 38 39 0 0 0 1
0 36 39 37 0 0 0 1
0 38 40 39 0 0 0 1
0 40 41 39 0 0 0 1
0 42 43 41 0 0 0 1
0 42 41 40 0 0 0 1
0 16 43 42 0 0 0 1
0 16 42 17 0 0 0 1
0 15 18 44 0 0 0 1
0 14 15 44 0 0 0 1
0 26 24 45 0 0 0 1
0 45 24 5 0 0 0 1
0 5 4 45 0 0 0 1
0 26 46 28 0 0 0 1
0 17 47 18 0 0 0 1
"Frame.001" 0 1
82
0 -1.500000 -10.000000 0.000002 0.315908 0.001033 -1
0 -5.500000 -6.000000 0.000000 0.315908 0.001033 -1
0 -8.500000 -6.000000 0.000000 0.315908 0.001033 -1
0 1.500000 28.000000 -0.000004 0.761963 0.250000 -1
0 2.000000 30.000000 -0.000004 0.765625 0.234375 -1
0 -2.000000 30.000000 -0.000004 0.736328 0.234375 -1
0 -1.500000 28.000000 -0.000004 0.739990 0.250000 -1
0 8.000000 21.500000 -0.000004 0.809570 0.300781 -1
0 10.000000 22.000000 -0.000004 0.824219 0.296875 -1
0 10.000000 0.000000 0.000000 0.824219 0.468750 -1
0 10.000000 4.015488 -0.000001 0.824219 0.382812 -1
0 18.500000 10.000000 -0.000002 0.886475 0.390625 -1
0 18.000000 12.000000 -0.000002 0.882813 0.375000 -1
0 10.000000 4.015488 -0.000001 0.824219 0.437500 -1
0 23.500000 10.000000 -0.000002 0.923096 0.390625 -1
0 24.000000 12.000000 -0.000002 0.926758 0.375000 -1
0 -18.500000 10.000000 -0.000002 0.615479 0.390625 -1
0 -10.000000 3.670148 -0.000001 0.677734 0.437500 -1
0 -18.000000 12.000000 -0.000002 0.619141 0.375000 -1
0 -10.000000 0.000000 0.000000 0.677734 0.468750 -1
0 -8.000000 21.500000 -0.000004 0.692383 0.300781 -1
0 -10.000000 22.000000 -0.000004 0.677734 0.296875 -1
0 -10.000000 3.670148 -0.000001 0.677734 0.382812 -1
0 28.000000 5.500000 -0.000000 0.956055 0.425781 -1
0 30.000000 6.000000 -0.000000 0.970703 0.421875 -1
0 30.000000 0.000000 0.000000 0.970703 0.468750 -1
0 28.000000 0.500000 -0.000000 0.956055 0.464844 -1
0 0.000000 -27.500000 0.000004 0.750977 0.683594 -1
0 0.000000 -30.000000 0.000004 0.750977 0.703125 -1
0 -28.000000 0.500000 -0.000000 0.545898 0.464844 -1
0 -30.000000 0.000000 0.000000 0.531250 0.468750 -1
0 -28.000000 5.500000 -0.000000 0.545898 0.425781 -1
0 -30.000000 6.000000 -0.000000 0.531250 0.421875 -1
0 -23.500000 10.000000 -0.000002 0.578857 0.390625 -1
0 -24.000000 12.000000 -0.000002 0.575195 0.375000 -1
0 8.000000 0.000000 0.000000 0.809570 0.468750 -1
0 -8.000000 0.000000 0.000000 0.692383 0.468750 -1
0 -10.000000 1.500000 -0.000000 0.677734 0.457031 -1
0 10.000000 1.500000 -0.000000 0.824219 0.457031 -1
0 1.500000 21.000000 -0.000004 0.061865 0.001033 -1
0 -1.500000 21.000000 -0.000004 0.061865 0.001033 -1
0 -4.000000 18.500000 -0.000002 0.061865 0.001033 -1
0 4.000000 18.500000 -0.000002 0.061865 0.001033 -1
0 -4.000000 9.000000 -0.000002 0.061865 0.001033 -1
0 4.000000 9.000000 -0.000002 0.061865 0.001033 -1
0 0.000000 5.000000 -0.000000 0.061865 0.001033 -1
0 1.500000 4.000000 -0.000000 0.198399 0.001033 -1
0 4.000000 -5.000000 0.000000 0.198399 0.001033 -1
0 4.000000 6.500000 -0.000000 0.198399 0.001033 -1
0 0.000000 -9.000000 0.000002 0.198399 0.001033 -1
0 -1.500000 4.000000 -0.000000 0.198399 0.001033 -1
0 -4.000000 6.500000 -0.000000 0.198399 0.001033 -1
0 -4.000000 -5.000000 0.000000 0.198399 0.001033 -1
0 0.000000 -21.500000 0.000004 0.315908 0.001033 -1
0 1.500000 -10.000000 0.000002 0.315908 0.001033 -1
0 8.500000 -6.000000 0.000000 0.315908 0.001033 -1
0 23.000000 4.000000 -0.000000 0.318005 0.001033 -1
0 22.000000 5.000000 -0.000000 0.318005 0.001033 -1
0 19.500000 5.000000 -0.000000 0.318005 0.001033 -1
0 23.000000 1.500000 -0.000000 0.318005 0.001033 -1
0 -19.500000 5.000000 -0.000000 0.314366 0.001033 -1
0 -22.000000 5.000000 -0.000000 0.314366 0.001033 -1
0 -23.000000 4.000000 -0.000000 0.314366 0.001033 -1
0 -23.000000 1.500000 -0.000000 0.314366 0.001033 -1
0 5.500000 -6.000000 0.000000 0.315908 0.001033 -1
0 -30.000000 6.000000 -8.183376 0.531250 0.421875 -1
0 -30.000000 -0.000001 -8.183376 0.531250 0.468750 -1
0 10.000000 22.000000 -8.183380 0.824219 0.296875 -1
0 2.000000 30.000000 -8.183380 0.765625 0.234375 -1
0 -24.000000 11.999999 -8.183378 0.575195 0.375000 -1
0 10.000000 4.015488 -8.183376 0.824219 0.382812 -1
0 30.000000 6.000000 -8.183376 0.970703 0.421875 -1
0 24.000000 11.999999 -8.183378 0.926758 0.375000 -1
0 0.000000 -30.000000 -8.183372 0.750977 0.703125 -1
0 30.000000 -0.000001 -8.183376 0.970703 0.468750 -1
0 18.000000 11.999999 -8.183378 0.882813 0.375000 -1
0 10.000000 4.015488 -8.183376 0.824219 0.437500 -1
0 -2.000000 30.000000 -8.183380 0.736328 0.234375 -1
0 -10.000000 22.000000 -8.183380 0.677734 0.296875 -1
0 -10.000000 3.670147 -8.183376 0.677734 0.382812 -1
0 -10.000000 3.670147 -8.183376 0.677734 0.437500 -1
0 -18.000000 11.999999 -8.183378 0.619141 0.375000 -1
31
-0.000000 -0.000000 1.000000
0.344700 0.588500 0.731300
-0.144800 0.554600 0.819400
0.868000 0.165500 0.468200
0.447200 -0.000000 0.894400
1.000000 -0.000000 -0.000000
-0.172200 0.660000 0.731300
-0.499500 0.500500 0.707100
0.322500 0.309800 0.894400
0.420400 0.695300 0.583000
-0.447200 -0.000000 0.894400
-0.812500 0.336500 0.475900
-1.000000 -0.000000 -0.000000
0.787100 0.205600 0.581500
0.494600 -0.289700 0.819400
-0.235700 -0.707100 0.666700
-0.554500 -0.144900 0.819400
-0.588500 0.344700 0.731300
-0.172200 0.660000 0.731200
-0.967500 0.252700 -0.000000
-0.862800 -0.505500 -0.000000
0.862900 0.505400 -0.000000
0.252700 0.967500 -0.000000
-0.505400 0.862900 -0.000000
0.252800 0.967500 -0.000000
0.316200 -0.948700 -0.000000
0.967500 -0.252800 -0.000000
-0.505500 0.862800 -0.000000
-0.706400 0.707800 -0.000000
0.721200 0.692700 -0.000000
0.258700 0.965900 -0.000000
85
0 0 1 2 0 0 0 1
0 3 4 5 0 1 2 1
0 6 3 5 0 0 2 1
0 7 8 4 0 3 1 1
0 4 3 7 1 0 0 1
0 8 7 9 3 0 4 1
0 8 9 10 3 4 5 1
0 11 12 13 0 6 7 1
0 14 15 12 0 1 6 1
0 12 11 14 6 0 0 1
0 16 17 18 0 8 9 1
0 19 20 21 10 0 11 1
0 19 21 22 10 11 12 1
0 20 6 5 0 0 2 1
0 20 5 21 0 2 11 1
0 23 24 15 0 13 1 1
0 15 14 23 1 0 0 1
0 25 24 23 14 13 0 1
0 23 26 25 0 0 14 1
0 27 28 25 0 15 14 1
0 25 26 27 14 0 0 1
0 27 29 30 0 0 16 1
0 30 28 27 16 15 0 1
0 31 32 30 0 17 16 1
0 30 29 31 16 0 0 1
0 33 34 32 0 18 17 1
0 32 31 33 17 0 0 1
0 16 18 34 0 9 18 1
0 34 33 16 18 0 0 1
0 7 35 9 0 0 4 1
0 19 36 20 10 0 0 1
0 37 17 16 0 8 0 1
0 11 13 38 0 7 0 1
0 39 40 41 0 0 0 1
0 41 42 39 0 0 0 1
0 43 44 42 0 0 0 1
0 43 42 41 0 0 0 1
0 43 45 44 0 0 0 1
0 46 47 48 0 0 0 1
0 49 47 46 0 0 0 1
0 49 46 50 0 0 0 1
0 49 50 51 0 0 0 1
0 51 52 49 0 0 0 1
0 0 53 54 0 0 0 1
0 53 55 54 0 0 0 1
0 53 0 2 0 0 0 1
0 56 57 58 0 0 0 1
0 58 59 56 0 0 0 1
0 60 61 62 0 0 0 1
0 60 62 63 0 0 0 1
0 53 2 60 0 0 0 1
0 60 63 53 0 0 0 1
0 58 55 53 0 0 0 1
0 53 59 58 0 0 0 1
0 54 55 64 0 0 0 1
0 30 32 65 16 17 19 1
0 30 65 66 16 19 20 1
0 4 8 67 1 3 21 1
0 4 67 68 1 21 22 1
0 32 34 69 17 18 23 1
0 32 69 65 17 23 19 1
0 8 10 70 3 5 5 1
0 8 70 67 3 5 21 1
0 15 24 71 1 13 21 1
0 15 71 72 1 21 24 1
0 25 28 73 14 15 25 1
0 25 73 74 14 25 26 1
0 13 12 75 7 6 27 1
0 13 75 76 7 27 28 1
0 24 25 74 13 14 26 1
0 24 74 71 13 26 21 1
0 21 5 77 11 2 23 1
0 21 77 78 11 23 19 1
0 28 30 66 15 16 20 1
0 28 66 73 15 20 25 1
0 22 21 78 12 11 19 1
0 22 78 79 12 19 12 1
0 18 17 80 9 8 29 1
0 18 80 81 9 29 30 1
0 34 18 81 18 9 30 1
0 34 81 69 18 30 23 1
0 12 15 72 6 1 24 1
0 12 72 75 6 24 27 1
0 5 4 68 2 1 22 1
0 5 68 77 2 22 23 1
